10
90
0 1 1
0 2 4
0 3 3
0 4 2
0 5 3
0 6 5
0 7 3
0 8 18
0 9 4
1 0 11
1 2 7
1 3 8
1 4 21
1 5 16
1 6 32
1 7 22
1 8 5
1 9 7
2 0 4
2 1 3
2 3 1
2 4 6
2 5 1
2 6 9
2 7 7
2 8 22
2 9 8
3 0 5
3 1 8
3 2 1
3 4 3
3 5 2
3 6 2
3 7 4
3 8 35
3 9 13
4 0 0
4 1 1
4 2 4
4 3 3
4 5 3
4 6 5
4 7 3
4 8 18
4 9 4
5 0 7
5 1 2
5 2 3
5 3 4
5 4 13
5 6 20
5 7 14
5 8 13
5 9 7
6 0 21
6 1 8
6 2 17
6 3 18
6 4 35
6 5 30
6 7 36
6 8 2
6 9 13
7 0 7
7 1 14
7 2 3
7 3 4
7 4 1
7 5 4
7 6 4
7 8 49
7 9 19
8 0 2
8 1 5
8 2 2
8 3 1
8 4 0
8 5 5
8 6 1
8 7 1
8 9 10
9 0 16
9 1 3
9 2 12
9 3 13
9 4 30
9 5 25
9 6 45
9 7 31
9 8 2