10
90
0 1 50
0 2 3
0 3 22
0 4 0
0 5 4
0 6 33
0 7 37
0 8 2
0 9 2
1 0 2
1 2 19
1 3 6
1 4 8
1 5 20
1 6 9
1 7 13
1 8 2
1 9 6
2 0 17
2 1 49
2 3 21
2 4 1
2 5 3
2 6 32
2 7 36
2 8 1
2 9 3
3 0 2
3 1 14
3 2 15
3 4 4
3 5 16
3 6 5
3 7 9
3 8 2
3 9 2
4 0 8
4 1 32
4 2 9
4 3 12
4 5 10
4 6 19
4 7 23
4 8 0
4 9 0
5 0 0
5 1 16
5 2 17
5 3 4
5 4 6
5 6 7
5 7 11
5 8 0
5 9 4
6 0 7
6 1 1
6 2 72
6 3 11
6 4 49
6 5 73
6 7 6
6 8 31
6 9 47
7 0 5
7 1 3
7 2 28
7 3 1
7 4 13
7 5 29
7 6 2
7 8 3
7 9 11
8 0 2
8 1 18
8 2 19
8 3 6
8 4 8
8 5 20
8 6 9
8 7 13
8 9 6
9 0 4
9 1 20
9 2 21
9 3 8
9 4 10
9 5 22
9 6 11
9 7 15
9 8 4