250
1273
244 246 8.718262410194445
239 240 27.49812485456876
238 245 56.882786412456376
235 238 56.29688247751838
233 240 70.71274895331604
232 248 72.75287952648323
231 248 86.91901554540088
229 249 18.952879902911857
228 241 88.90167339145668
226 231 39.8687999458774
223 242 84.37047949889632
223 249 75.23686688453304
222 225 70.15621680983824
220 247 99.63374937503703
219 221 1.2981060205382144
218 224 92.53906494582313
218 227 83.21694755513197
217 232 16.29834648929466
216 232 77.97345815344352
214 219 65.48440227909991
214 221 96.6449299443876
213 235 5.9833015530552425
213 238 67.17248622363107
212 214 77.55148063864219
212 219 62.13956150397642
212 221 97.51299388398007
212 244 24.406431450324806
211 222 85.16327203296038
211 225 84.97430376433805
210 212 62.35314198534725
210 214 60.57728702793669
210 219 63.241828222998954
210 221 96.05526136185871
210 244 69.49060032867014
209 211 65.36165765676132
209 222 41.94197862351526
209 225 15.986546755087216
208 226 38.378419882336814
208 231 74.5682458042769
207 210 33.12665075553644
207 212 80.53024224525531
207 214 8.479525332312733
207 219 72.78064272898594
207 221 92.1190689283818
207 244 78.97767876174449
206 209 17.477478931336734
205 207 93.7884326997831
205 210 85.36478160884407
205 214 42.20266669975668
205 219 81.88296507491681
205 221 5.626095136569287
204 222 37.859107812763085
204 225 5.546203707331044
204 231 3.5497993125455096
203 249 44.480567203204124
202 204 15.543235944928169
202 209 63.18613115850636
202 211 83.52440032776975
202 222 92.29473238153444
202 225 57.34489952049564
201 216 25.27404226538813
201 217 10.687851377918467
201 232 76.58550043295385
201 248 9.137169445265403
200 203 86.87573902585535
200 223 6.809774232148403
200 249 7.811596046029923
199 237 27.611592514955575
198 223 18.630376571017948
198 242 51.91849561463934
197 230 59.56749856124909
196 205 15.909545345291177
196 214 93.04737081670221
196 219 84.30201164771529
195 238 39.94647446033118
195 245 24.828314219347135
194 220 67.4890296245885
193 243 67.98954600605458
192 243 98.60696912068147
191 202 3.5161213913819434
191 204 55.14081069985932
191 222 47.22353387757102
191 225 63.393083119417724
191 231 11.792909462735446
190 220 28.649968142191995
190 247 62.217126196390204
189 200 2.801242509774682
189 203 12.581377651615778
189 220 17.617310190160985
189 249 83.40236483493477
188 230 66.15159672448962
188 233 47.4054640990753
188 240 80.75561185679081
187 208 32.409436317171114
187 226 62.01403181741879
187 231 60.511018405053655
187 248 56.28226547398925
186 189 97.17746681220511
186 203 97.25519564365766
186 249 77.8862032518177
185 201 19.99251045699244
185 232 15.882569567417693
185 248 14.01419594872012
184 188 66.30667872658094
184 197 9.4635928382232
184 230 99.77893842521752
183 215 29.981206512067693
182 198 94.50340169292033
182 223 4.969082343258391
182 242 88.58398970001716
181 184 8.544441838145623
181 188 93.64844142490313
181 196 92.93644664979134
181 230 83.69868085595465
180 213 59.68752286249326
179 193 67.57692039575927
179 212 76.1599696829658
179 244 84.3392958403572
178 236 99.96057955662903
177 186 34.510815067302836
177 189 36.48489639332912
177 203 59.567168691815795
177 249 80.41484899881209
176 191 91.52302092687187
176 202 0.30769574848812375
176 204 25.237913356767894
176 222 25.08195939299547
176 225 80.57776608276527
175 246 4.991196038250512
174 179 59.05196203208195
174 192 9.395479080432779
174 243 0.7060441488794034
172 180 15.172205096745973
172 197 79.17331262194325
172 213 47.89371589224247
172 235 54.72247579364681
171 172 91.94326298779366
171 180 32.29355071114164
171 213 53.60917176642251
171 235 40.862616075390456
171 238 75.01892861596845
171 245 85.55340705087534
170 182 77.74144271562788
170 198 99.81738332999711
170 223 98.25100658687202
170 229 93.39419636637797
170 249 37.526780978396026
169 177 5.863972565640275
169 186 22.236020308283766
169 189 15.196735979762899
169 190 92.65892554027653
169 220 47.140211353741634
168 187 34.26209140379461
168 204 92.47537139592067
168 208 36.18224261899384
168 226 74.58206197437637
168 231 35.471343013828374
168 248 55.43005620427902
167 224 24.46955462808218
166 236 11.641536291893196
165 171 7.867822201344232
165 172 17.819415085622193
165 180 82.71356811925523
165 191 7.625012229339556
165 213 29.679868571444366
164 190 36.402997660549794
164 194 87.30204651679075
164 220 86.33957243885087
164 247 86.5897186759423
163 202 56.61106630016429
163 209 44.513457317700954
163 211 88.70762964748906
163 222 8.472103149267662
163 225 39.63535267799006
162 192 56.16109273775103
161 169 33.107781545845164
161 177 46.53743931324071
161 186 67.79445501969306
161 189 87.13014056623787
161 229 20.422507766682486
161 249 94.15416226208309
160 168 54.812674403916105
160 176 27.19357320885737
160 187 92.1209034968398
160 191 46.12865745659809
160 202 45.561203921250495
160 204 70.05910950435826
160 225 9.177417229249407
160 231 85.8501084439231
159 234 75.84580970843555
159 239 16.290946991764432
158 170 57.225091959580745
158 200 87.46154074114246
158 203 76.98526177447725
158 223 43.56632628017846
158 229 99.06457511073697
158 249 21.097215580863594
157 181 52.20992519541902
157 184 77.66844092556306
157 188 89.49772900441909
157 197 53.23043028435494
157 230 22.32008632324246
156 196 40.68355948391857
156 205 39.42741034102815
156 207 41.30473189430002
156 210 36.57874923065981
156 212 49.06168831407418
156 214 66.26256160140527
156 219 32.07536706058628
156 221 71.47380512819747
155 165 83.51646413951616
155 171 95.89048843116177
155 172 86.4668152654122
155 180 94.76957445692278
155 197 55.18140614145366
155 213 87.82579731821613
155 235 70.25606408561507
155 238 55.17798321778032
154 171 48.00602943305977
154 195 39.61816819463002
154 235 69.52022257685576
154 238 69.01467888693767
154 245 26.066768208671263
153 228 89.19875370063866
153 241 12.540993445343007
152 179 14.365620807261713
152 207 56.28402269960586
152 210 74.5676708128175
152 212 5.737415586517813
152 221 10.57480764664378
152 244 11.978078311775853
152 246 29.072724735203693
151 168 20.20216518805248
151 187 56.27399130690729
151 208 90.7630451514267
151 226 87.50213020806724
151 231 97.54568959629053
150 164 22.710299698993296
150 169 1.4693658367812334
150 177 53.311656640519445
150 186 79.00624848787035
150 189 50.78798087680838
150 190 49.1018420253556
150 203 30.529310289444535
150 220 0.16294496239094292
149 163 80.02550832614286
149 206 74.2815607912069
149 209 55.22827925056287
149 211 35.09266052763699
149 222 45.53951218230782
149 225 84.18647443663846
148 157 70.93155281927712
148 181 18.440745708141858
148 184 15.202154089578979
148 188 45.69682519856675
148 197 79.90929045188486
148 230 21.629239981211757
147 162 3.2786979613534717
147 166 98.26798891143574
146 218 68.05262134897521
146 224 10.305260698825979
146 227 89.13719273583938
145 146 83.99471650229118
144 168 44.85527644583234
144 185 64.13613426870437
144 187 90.03235995682859
144 201 85.39720753160255
144 204 62.007066812028945
144 231 97.18675473632807
144 232 85.50087923568555
144 248 7.650759160317666
143 152 74.2009079282728
143 175 77.36852715041815
143 179 67.56551933711441
143 193 41.297256037440114
143 212 83.9777049718225
143 244 6.828207896841942
143 246 95.73059477816925
142 154 93.91807996026775
142 155 68.78111954484017
142 165 91.64881422631062
142 171 68.66149043264363
142 172 84.81446548803284
142 180 22.866866329891312
142 195 98.86371929348604
142 213 85.47610375134504
142 235 55.43273911579993
142 238 59.30884177145169
140 147 71.53889835529952
140 162 58.73619955791969
139 156 60.08826855015453
139 196 8.067042219874343
139 205 48.55731307518175
139 210 58.511860430193764
139 214 66.48335381446958
139 219 14.929938188876902
139 221 14.743159662096883
138 151 12.302362981934511
138 188 13.580716329603792
138 226 93.11651393204014
138 233 89.09277229625779
138 239 59.13195566252924
138 240 45.58564702274362
137 145 4.420968710113849
137 146 44.13279077235127
137 183 57.79914954174998
137 215 65.1062301104288
137 218 50.00563553229609
137 224 37.80510878237974
137 227 79.04338064292331
136 159 26.002572607739317
136 234 32.29538181046411
135 141 30.782085471393373
135 181 69.30292098398253
135 230 17.002235522585817
134 137 8.89937435689495
134 145 56.744323684532624
134 146 59.773192850015114
134 227 70.85061307348992
133 166 97.08380325771941
132 154 10.907315548010176
132 171 8.63473587865885
132 235 70.58128232762054
132 238 3.041734398206819
131 143 22.962066101597678
131 179 6.605230689859676
131 193 14.432870423926392
131 243 44.054008746131856
130 194 84.59881754615631
130 234 46.380185603266355
129 133 44.0052802065812
129 147 3.607682208989438
129 166 8.911803485057558
129 178 55.061983527364944
129 236 36.43961425066098
128 136 9.63621291385226
128 159 9.236927911317384
128 173 15.337205773156793
128 239 10.722493227829844
126 183 54.26822065709286
126 215 98.35316559560972
125 148 55.947259923182294
125 157 0.6568695598010099
125 172 79.81932547744329
125 181 25.48236366751838
125 184 74.90750835710685
125 197 2.607885380999475
125 230 40.234214511812105
124 142 88.15104219760967
124 155 69.96527491420274
124 165 14.823680868730571
124 171 9.783755554145879
124 172 78.7317102084917
124 180 89.94722495507195
124 197 46.94747550098294
124 213 51.54460201795277
124 235 51.36009402594923
123 175 87.9317745681079
123 246 93.27870586760395
122 139 77.0364350220733
122 156 23.928608123591346
122 196 52.59241169234342
122 205 31.40730067372357
122 207 25.364612085042637
122 210 61.985283288323934
122 214 17.592820885302128
122 219 29.0367163169018
122 221 65.31364869453394
121 158 26.621284995748706
121 170 0.5750412248741843
121 182 16.127626331126088
121 198 77.05963093350901
121 223 6.80905716046264
121 242 3.0668798655908547
120 145 6.935673631897177
120 161 1.5173175717408949
120 229 98.15704122839186
119 120 10.545076430628498
119 134 37.083032674237984
119 137 54.81030578775821
119 145 34.67580469337636
119 146 67.92581122601544
119 227 14.494970981485322
118 124 92.95035647372254
118 142 27.904342544146253
118 151 69.91429524014649
118 155 69.84898359452346
118 165 77.53455702512507
118 172 18.624219845141464
118 180 97.93041525319688
118 184 32.12549668623757
118 197 37.11672773077601
118 208 0.3931036253227549
118 213 55.73745149542431
117 140 47.91552635883167
117 147 40.882078174990454
117 167 31.258179880403414
117 178 4.43613304142424
117 236 9.3321159585395
116 164 1.3518114902194678
116 190 10.263817774185268
116 194 74.14642415396519
116 220 54.68872599270701
116 247 1.0669944319763869
115 153 58.74678153587087
115 228 34.48454144373698
115 241 58.549223534499596
114 163 94.54873145212093
114 176 12.916161021429119
114 191 38.85297176459876
114 202 33.320471451772505
114 204 71.30425237199425
114 209 3.8441523906251107
114 211 18.59626655438561
114 222 23.249956044849895
114 225 78.24624988723663
113 121 73.74766074081145
113 158 92.23570802407912
113 170 83.5072791225175
113 182 90.61542271092677
113 198 53.31965972294675
113 223 72.28093544323576
113 242 1.9697457317890743
112 128 89.34385361350151
112 136 3.8731041370226538
112 159 97.52693098727812
112 234 39.398715096001816
112 239 49.76949252000917
110 122 10.189145468355887
110 139 92.27979070555818
110 156 34.884758910448085
110 196 71.70967980203345
110 205 95.21525654817214
110 207 55.61494483678442
110 210 47.75605803051691
110 212 84.12430713100696
110 214 16.13781328585778
110 219 13.55661213468603
110 221 84.5859447403541
109 126 38.94686082068461
109 137 92.85757163550029
109 146 24.977458355950542
109 183 90.50183224235512
109 215 68.1342508112423
109 218 14.525391131683785
108 110 18.052524632439948
108 122 67.68921609888909
108 135 15.583972003830194
108 139 67.54945967639966
108 156 48.26173998939208
108 181 20.80083358578545
108 196 71.28984208778586
108 205 29.364185661764964
108 214 11.22038360346026
108 219 18.922468005551508
107 130 28.955156341021592
107 173 76.2547982685311
107 200 14.027114380039418
107 203 6.813284466909531
106 123 60.25481268429868
106 131 60.66067942937613
106 143 7.354287891082533
106 179 94.33002169918431
106 193 49.03557644558158
106 243 23.634253896292268
106 246 7.165428857739464
105 106 2.260717455696526
105 123 56.96633179373738
105 131 21.51126410238817
105 143 89.7299241668825
105 193 45.23511264518504
105 243 98.4978192047746
105 246 62.352088981669596
104 144 26.515139588559634
104 185 87.94523501674118
104 201 87.46399456929765
104 217 67.34274651046303
104 232 36.57128910623674
104 248 19.601082845493078
103 174 80.2548624944365
103 192 95.09803851695013
103 243 73.18461382229451
102 138 53.362773880308524
102 187 81.21318365768697
102 226 92.68827960621594
102 240 28.85948059603779
101 108 72.4318577304084
101 110 94.75524947626451
101 122 66.21491674522126
101 125 38.10029422203738
101 139 12.550968675086715
101 156 5.6884472440173255
101 157 95.88927691958308
101 181 80.99913783452286
101 196 91.8523612995148
101 205 44.29608060570964
101 214 55.82254320154131
101 219 42.29533735953625
100 103 73.31227240147639
100 133 45.98252105886053
100 174 37.11402442923831
100 192 60.35818804174209
99 129 72.50950119976778
99 140 46.61945024222105
99 147 14.328649325766818
99 162 8.454353733744968
98 117 3.9529469932890637
98 178 64.20658789786698
98 236 40.08352831372935
97 144 86.69648783626441
97 160 92.93431407808505
97 168 5.0579610865842834
97 176 0.2173586852101117
97 185 67.22988151285688
97 191 66.67853609814145
97 202 98.4474445727997
97 204 12.89529089949334
97 225 27.49902817251747
97 231 78.50593344388042
97 248 7.494930671115818
96 199 9.005889352125717
96 237 26.84620720112828
95 115 11.786478772960097
95 153 86.04716462897798
95 216 88.33559275649945
94 141 30.229288659185684
94 198 56.657987515214124
94 242 51.40492536263031
93 97 6.260097551231281
93 144 59.506175116533974
93 160 51.7964397170378
93 168 20.970897690718495
93 176 9.07093973106572
93 185 57.518395996959946
93 187 35.968039365110585
93 191 17.240233868768428
93 202 2.559462693487957
93 204 83.11659068492354
93 226 59.65903336550827
93 231 80.02843921830959
93 248 8.109274473281502
92 122 16.305686512165863
92 132 65.77072825072283
92 139 37.428925393356685
92 171 33.30218879070013
92 172 41.84784975096591
92 205 60.18352268108645
92 235 77.71516459944888
91 109 59.92159113201511
91 119 96.94631187834491
91 134 57.935205815442814
91 137 33.25008878516782
91 145 31.241000760475725
91 146 14.0434413798601
91 218 8.825155810838027
91 224 34.43799488629264
91 227 2.6145892827828754
90 113 63.301523020044236
90 173 77.44750593006948
90 233 16.85191198185636
90 242 4.64028155884283
89 116 0.9948974905130581
89 127 76.9727251711159
89 130 67.8919873559889
89 164 56.544949882104966
89 194 59.827230312696244
88 98 33.43847688086243
88 182 80.67819138791515
87 111 58.94517707883763
87 130 75.09788224270422
87 136 87.87702181318181
87 194 42.35317722764961
87 234 89.76591178193335
86 108 26.676486248714404
86 135 27.29787965286444
86 141 21.56892676313745
85 152 24.85328271486269
85 175 90.90497589248605
85 246 72.36075845678003
84 100 35.653324063336576
84 103 5.696735323067625
84 106 38.8315073101381
84 131 39.5153190142816
84 174 71.80060392641727
84 179 80.67954672676957
84 192 87.59083188223723
84 193 38.450622868310326
84 243 8.602145227591008
83 95 53.40570397399587
83 104 10.280864081617569
83 201 61.88857762269168
83 217 34.33181265573387
83 232 81.9050154793354
82 85 36.345316268855896
82 152 74.0720863798735
82 175 86.62270706941662
82 207 85.89725723959884
82 212 29.25746304959418
82 244 6.7400250742757795
82 246 44.51979091328233
81 119 35.80002663382319
81 134 11.210227045181265
81 146 26.947555465088456
81 227 88.36555694630444
81 229 16.79391847214179
80 97 15.55293794559618
80 149 49.7817041543407
80 202 5.573561403047355
80 204 84.01251187514043
80 225 86.87527621887898
79 84 30.83854704730885
79 110 61.067252598105924
79 174 50.803607083701465
79 179 15.924089725724677
79 212 88.26972374201752
79 214 70.00925978542111
78 112 81.01199215448595
78 128 91.94888526522055
78 138 72.27245533957051
78 159 7.418889126677996
78 239 88.36299059681443
78 240 78.60698782884324
77 78 21.088577763739057
77 102 64.37327510762061
77 138 81.27992032547688
77 151 71.21950140490834
77 187 16.894587166607344
77 208 13.710276363816277
77 226 29.84747422813281
77 240 72.95436957037194
76 95 82.40603082425291
76 115 79.49885318351146
76 153 73.13699513183919
76 228 35.42298308820242
76 241 39.58604623425417
75 89 14.015358687761491
75 116 29.738475246234685
75 164 45.211942118560344
75 190 85.53918022401771
75 194 73.56176038479349
75 220 22.098039584834673
75 247 2.031730099003781
74 109 27.4881276503547
74 126 50.18453975655014
74 183 76.1385879940141
74 215 26.44923508601145
73 120 58.67232232575256
73 145 60.20064442105236
72 107 11.645120587629743
72 150 55.58116700985347
72 177 50.07382029882852
72 186 12.409493042623343
72 189 96.02529054208824
72 200 33.660623829550154
72 203 79.06725011532217
72 220 78.9677365092902
72 249 94.30948421832791
71 135 81.04919803203143
71 148 15.407055274215619
71 157 70.12612585237162
71 181 11.63378470754357
71 184 30.052133493247112
71 188 37.406619605482916
71 230 70.37546520027178
71 233 90.95296192218726
71 240 48.80427849955924
70 79 56.73033150596475
70 84 28.021302301945262
70 100 98.35961518905185
70 174 35.529658043794974
70 179 88.91098138029189
70 212 2.804685121886419
70 214 1.1394674732865706
70 244 54.63769346414284
69 107 18.521332192868336
69 128 66.90893556353765
69 173 19.5717035111038
68 114 3.404233390311906
68 160 72.87012610457454
68 165 23.540061849597805
68 176 12.487204938432539
68 191 43.39571620700726
68 202 36.159140080110454
68 204 54.24110477236099
68 222 38.72637919845583
67 83 4.32996382004085
67 112 7.2293633930533785
67 217 31.198313929007327
66 149 21.8922127189781
66 206 69.72722149844026
66 209 28.340738960078284
65 71 34.01980467334771
65 125 34.173096772659996
65 138 83.49024903765783
65 148 89.87135529638495
65 151 91.81487635740328
65 157 6.513869118750881
65 181 74.46241672524219
65 184 46.388340139004214
65 188 30.87494688995219
65 197 67.04239789497292
65 208 82.04791029459983
65 230 63.23413348446214
65 240 45.85464706124432
64 91 7.412991219284248
64 109 80.13829775439561
64 119 49.58823689680807
64 134 28.07425889204701
64 137 77.60678415071365
64 145 38.87488748304164
64 146 23.905916168822984
64 183 78.41243804592018
64 215 13.733144314911282
64 218 34.1864561453069
64 227 0.7017547394711388
63 96 4.230674958372271
63 199 10.505126109533691
63 237 13.577067682970789
62 71 83.83736502039358
62 78 49.868733895151166
62 90 60.31578549327546
62 128 53.2988691658493
62 138 0.7889609832342881
62 188 38.472879366635546
62 233 94.22120486626979
62 239 96.82992970297735
62 240 14.811897379348283
61 87 9.266406863517606
61 89 76.63987426003781
61 111 47.48728655857294
61 130 7.48573201733207
61 194 18.844605792475765
61 234 25.207043734338985
60 63 99.04059565058813
60 96 32.81467389674751
60 111 37.67400092523593
60 199 49.976568577927715
60 237 27.351856688181954
59 80 5.874826138336154
59 97 13.698306211730637
59 144 32.04162555128857
59 185 33.35192415387161
59 204 3.94089702130338
59 225 93.80121688633672
59 248 90.64963996397522
58 68 23.07459186054096
58 114 26.0915670083424
58 163 90.84885065669172
58 176 20.0156495431702
58 191 34.00426383729205
58 202 78.48404717645653
58 204 59.132213158535826
58 209 12.292217819433493
58 211 68.65332662018221
58 222 26.804777434436122
57 65 94.25284951410292
57 118 21.532940343686114
57 125 76.07051582964176
57 148 84.84466000361756
57 151 4.842359517360295
57 157 64.99050036151947
57 172 29.89176658140137
57 181 88.71356628649592
57 184 12.979239599018833
57 188 2.7191072354223356
57 197 87.5800859090689
57 208 39.90030504436907
57 230 27.764063658226558
56 73 84.20505797770052
56 119 79.66127787462293
56 120 87.20064177838317
56 145 2.2367502791949323
56 161 1.6281310291678563
55 67 70.04739815982995
55 78 57.477352101146636
55 112 27.66728328611667
55 128 43.36033433415878
55 136 48.95002146864568
55 159 38.28270848103591
55 217 41.22388715883548
55 239 98.43747739369284
54 99 68.42057235246786
54 117 61.56518639425242
54 140 23.120386020859605
54 147 22.993007567005897
53 56 7.215071274578477
53 73 36.99863097826894
53 81 37.56704438096475
53 119 43.02232688019183
53 120 56.465881042690256
53 134 35.91346098989413
53 145 28.196924405121404
53 229 34.34980422189261
52 77 50.553124017367026
52 93 32.37595804164406
52 102 13.11237635172512
52 151 90.29962252671915
52 168 28.603635539306882
52 187 66.65305134239328
52 208 37.294005433446934
52 226 60.32538580227668
52 231 1.2054628775216236
51 70 8.116443296554143
51 79 30.83705857231883
51 86 18.732488778977608
51 110 14.211101090281197
51 133 59.58130266042975
51 214 90.32785690718566
50 59 1.630975842857607
50 80 46.91274340086954
50 97 63.141183823033366
50 104 47.64555869614249
50 144 32.3856920654073
50 185 55.408088202081
50 201 38.75221482389873
50 232 15.5721962728963
50 248 41.08430341001616
49 59 73.63528230539353
49 80 11.136008938147125
49 93 2.8165378110760253
49 97 71.92274072136092
49 144 14.340834597486474
49 160 58.012181638279415
49 176 72.40507502957847
49 185 63.91152275012845
49 191 70.15443630943143
49 202 43.237723467138245
49 204 76.8660082798819
49 222 84.93526852328051
49 225 0.9797911994274933
49 248 82.12191201675596
48 50 41.229773814945624
48 83 96.95170957450833
48 104 8.070718082685847
48 144 23.001859356867026
48 185 80.59238676512751
48 201 30.99530623318454
48 216 37.44696315385379
48 217 19.105158072628825
48 232 32.83539964940398
48 248 54.65457954574517
47 64 25.71425805100254
47 91 7.792543664011942
47 109 59.069056105599714
47 137 21.821102550715523
47 146 99.88840810333866
47 167 10.464871006734544
47 218 14.462813347073588
47 224 4.762046590525926
46 161 69.48324500026342
46 169 15.73510324395585
46 177 20.350048593592373
46 186 21.947069815792887
45 48 3.9075300584329953
45 67 10.907431379095478
45 76 74.84149461409088
45 83 91.56422711563117
45 95 71.12598326761707
45 104 82.37205217078558
45 217 23.654500827880543
45 232 60.28851660417926
44 49 24.574794175270164
44 59 14.215527710860275
44 68 75.46298550951592
44 80 79.6205517106199
44 93 64.48215848719927
44 97 76.16305464718147
44 144 86.79549492693674
44 160 27.991782047082015
44 168 67.02946278847735
44 176 6.9103784345300845
44 185 60.3565294748385
44 191 5.836574767673408
44 202 70.19897426548273
44 204 66.969523590728
44 222 97.6188982792415
44 225 62.9603885685568
44 231 28.689020476203297
44 248 56.34385549231219
43 82 21.63252947107075
43 152 52.78714285705475
43 156 1.9377554786985218
43 207 66.6644588312929
43 210 39.21785014285651
43 212 46.447859909331115
43 219 19.081874350215134
43 221 64.86118746426077
43 244 43.059458075639704
42 86 81.1764951523191
42 101 72.58665747066874
42 108 86.00815008827706
42 135 63.688503545822364
42 141 62.10779505378293
42 157 28.318990642351437
42 181 46.674825112962125
42 196 68.93983786266125
41 81 84.32597686029895
41 88 3.9951148414538618
41 121 76.9303717591825
41 170 74.19264323240077
41 182 92.89185163421482
41 198 60.22003515383282
40 75 9.0901300900893
40 89 70.55091821328628
40 116 52.579963536915166
40 150 68.7456251467286
40 164 54.35971331475227
40 190 0.09283355526503723
40 194 56.18625997653888
40 220 71.10972110702667
40 247 44.72348682791808
39 66 7.41567507533899
39 80 60.520603483090504
39 149 17.47852876543852
39 206 16.740635824284457
39 209 74.92567459034927
39 211 2.5774803833198634
38 74 80.29992973099299
38 109 66.35346334340099
38 126 5.669760563996274
38 183 14.882045392215726
38 215 70.28537653036018
37 76 9.37889915143243
37 95 51.97884645149213
37 115 28.63763748427871
37 153 43.27322739919578
37 228 41.045676857245674
37 241 0.7900177468574299
36 41 26.054745777457878
36 88 75.6865396735951
36 98 99.75600026298339
36 182 17.237514866179193
35 36 79.1203554260748
35 41 3.583470565518776
35 88 5.191940036704102
35 94 16.950203151372236
35 141 91.07048088205185
35 198 65.70866187725872
34 53 58.953208331340534
34 56 84.46575638283605
34 73 38.95761655559821
34 120 64.4890262044805
34 145 67.1043549403901
33 58 80.26951967198947
33 114 0.9587149703349729
33 163 60.577605746220286
33 222 68.32586017000104
32 52 82.18862320963402
32 77 40.44827407411289
32 93 46.33431762823873
32 102 28.804961021211874
32 104 88.21960763040062
32 144 10.364914684937144
32 151 1.5424778469362188
32 160 95.56851881909029
32 168 67.34045762648647
32 185 36.02884504177223
32 187 20.695276285401775
32 201 83.65156030731171
32 208 82.45560337176332
32 226 32.32145317224769
32 231 15.346409216148139
32 248 9.311622312399692
31 37 25.345100557113998
31 115 12.017180682235374
31 153 37.304329693024144
31 228 71.44034921389927
31 241 97.33688707324688
30 43 46.06174507057725
30 70 38.85966430761755
30 79 26.39025897060123
30 82 41.39360051756575
30 143 43.719696246260185
30 152 84.77055304546171
30 156 97.62598979162539
30 179 81.40317608644267
30 207 30.768186772736716
30 210 57.39075751584261
30 212 10.925688056447513
30 214 52.685062312668954
30 219 17.29271938604008
30 221 51.11063476803186
30 244 48.29973123793143
29 47 14.07153259085917
29 64 63.14459446645736
29 91 35.19113906905793
29 109 69.36021456948201
29 137 16.39625883312933
29 146 68.74863855410271
29 167 75.10622171933433
29 218 57.566212241846884
29 224 64.81997093730887
29 227 41.70371063908402
28 35 41.66914060633379
28 41 10.586077994261833
28 94 53.14562669830284
28 113 15.49743347533753
28 121 4.503341248836379
28 170 8.959573615121597
28 182 67.1232580453228
28 198 25.66041716072709
28 223 1.8287534069465927
28 242 65.30894515316604
27 62 50.71725643137454
27 65 80.81424312893807
27 71 2.069459108055227
27 138 77.53950060429472
27 184 4.4065140023035525
27 188 1.3213083337496823
27 230 24.44889307899206
27 233 83.78665878215318
27 240 37.81054336050643
26 55 36.623580855974225
26 77 65.52385179549
26 78 44.3078206112962
26 102 30.28229191022961
26 138 13.861209123653772
26 217 86.5187706140707
26 226 56.08384315641213
26 239 62.58108087542612
26 240 14.990817011651547
25 60 52.35688139090055
25 63 39.586286893053945
25 96 70.3367091098928
25 111 27.377280783370537
25 199 77.44498859728827
24 39 23.983017639211656
24 66 35.73844211645019
24 80 63.71157826605006
24 114 25.55381942158843
24 149 96.99616279183154
24 163 77.73027530086914
24 206 1.1113609258376123
24 209 31.54598471457496
24 211 78.69281128525422
24 222 22.966468233259153
24 225 46.38965491513514
23 33 61.238821972381075
23 58 24.680245262408263
23 68 39.87905897760443
23 114 94.73111096646923
23 176 2.3494644433658007
23 195 63.49394352794254
23 222 96.43169811454719
22 34 12.394069031123411
22 53 84.25471822819335
22 56 25.40793852253611
22 73 58.48178480069276
22 120 40.560644067433756
22 145 57.20843240265913
21 27 25.463557376341996
21 62 80.14556294126962
21 65 87.08591642067998
21 71 22.694200504764428
21 138 22.204006907030692
21 184 50.15850853913529
21 188 45.651245993421874
21 230 95.7514545627407
21 233 85.4185530149119
21 240 48.945939486418176
20 40 57.70561063311364
20 75 97.3980548596444
20 89 71.14164531907888
20 116 39.96649275003834
20 127 11.582792720420398
20 164 20.68276749611295
20 190 20.218534308820757
20 194 65.86374586375013
20 220 55.311139751872716
20 247 87.4360583369896
19 70 67.94048071290091
19 79 45.058902264389836
19 84 84.88651520513595
19 100 14.447872085323322
19 103 76.56901536286078
19 174 67.64015502194927
19 179 58.15799624900423
19 192 37.58617672283467
19 243 80.0101035132727
18 35 70.75194488054716
18 51 75.9797322929189
18 86 0.28023010440525464
18 94 60.46547504986044
18 141 33.16006125787141
17 41 66.91136008849895
17 81 98.8276717280647
17 121 60.57982361737446
17 134 66.26608452971433
17 158 9.503159703522412
17 170 91.14469289398741
17 182 71.41892528306191
17 223 94.56745178633244
17 229 27.081196103243123
16 54 17.863737319652838
16 98 26.555199965581355
16 99 12.406959020563935
16 117 93.95143767923065
16 129 55.09326341044907
16 140 75.60358169342055
16 147 75.8282731915497
16 166 99.07087339864717
16 178 16.68932999674071
16 236 6.742016719978727
15 24 38.45160802059803
15 39 23.48749641056196
15 49 50.54887674853171
15 58 37.067291310421965
15 66 68.5064291514759
15 80 1.2299298097116607
15 114 28.219761323121162
15 149 92.0783079363397
15 163 90.50565902762281
15 202 49.831390648210174
15 204 10.032735597733854
15 209 51.14532304370938
15 211 79.51855662960659
15 222 76.30161524163269
15 225 78.99572272810708
14 18 44.51507620119958
14 51 98.59707773398924
14 86 87.11420548009444
14 129 75.85091478916311
14 133 49.218149487084716
14 166 10.633167006610467
13 19 56.655845116345596
13 100 34.980350375422766
13 103 46.18629594389394
13 129 14.772122341335624
13 133 37.587692249328974
13 162 16.255797470204904
13 174 68.95386085990502
13 192 54.47980605188618
12 28 28.698159757148133
12 35 51.46394572286365
12 36 95.50888042280745
12 41 19.45911642412337
12 88 51.08023584692505
12 94 75.59799671397882
12 113 9.175801609476487
12 121 16.833849754775343
12 170 21.845352971298638
12 182 93.09200353078593
12 198 81.85317254831999
12 242 18.365664253482294
11 30 56.0897803175401
11 43 36.984375019832015
11 82 13.496101036848064
11 85 99.94256085827101
11 143 72.4583589572078
11 152 15.032142825604499
11 175 95.42463928675497
11 207 77.1749552171533
11 212 25.404349029814945
11 244 0.9578028458539167
11 246 51.85568027396852
10 105 6.658022369893269
10 106 38.12305558071311
10 123 21.295579910373842
10 175 53.99736184531325
10 246 66.30673728861967
9 23 64.14077666385941
9 33 8.714258943906383
9 58 94.11137791734441
9 68 50.1425840684422
9 114 62.66958283280915
9 142 41.22877096612654
9 195 53.13996636456867
8 11 13.00864864952368
8 30 33.09227660144022
8 43 63.372923323908736
8 82 94.81083699586564
8 85 78.91245094728674
8 143 17.320820357220178
8 152 90.19085067005734
8 179 71.57459849437916
8 207 83.043461341428
8 210 45.27546469672167
8 212 27.81485146176855
8 221 33.29574118869794
8 244 51.98502353586775
8 246 68.36062062501368
7 42 5.432478728008094
7 57 88.30959179519635
7 65 39.23792232572827
7 71 98.56749952095804
7 101 2.605903674497523
7 125 78.27405861712784
7 148 23.895625745596238
7 157 46.71247070190535
7 181 73.19172447263159
7 184 93.18643855603389
7 188 49.15877488504039
7 197 32.323889278472585
7 230 12.519511571380626
6 16 71.00189677247909
6 54 24.349238377463767
6 98 19.819162049119456
6 99 88.02262899183813
6 117 97.48169285450959
6 129 39.181624138185626
6 140 20.867678386444087
6 147 55.17491750677696
6 166 46.21560678741822
6 178 42.272880643068554
6 236 91.21410777584204
5 26 10.372053332219034
5 32 76.2044226458605
5 55 17.218216936109698
5 67 41.74057062135853
5 77 90.30654270416841
5 102 34.954751788639236
5 104 49.0342302692259
5 217 78.17494862394967
5 226 13.420435105715356
4 5 98.72985635256516
4 26 11.367828968123328
4 55 81.60666233656971
4 77 73.1800506866349
4 78 18.41657679318709
4 112 20.592146144550505
4 128 42.85004463474217
4 138 35.20209706195507
4 159 29.40982956560132
4 239 96.75832413039413
4 240 67.69936575062619
3 37 60.670795210985126
3 45 26.982591161119373
3 67 43.344695254049945
3 76 77.24851091469716
3 115 77.02071728853991
3 153 4.800658702521798
3 228 7.8425484386968165
3 241 37.70218016458896
2 14 43.520226046243934
2 18 3.55789585135986
2 42 13.440312842388135
2 51 67.48438029387177
2 79 14.175587465369633
2 86 19.149082251105597
2 108 58.415667495777015
2 110 85.95393208619082
2 141 83.28590677599666
1 72 75.36388362977846
1 107 64.31772064865791
1 130 87.66556097972412
1 150 10.014294912317023
1 164 74.77687185685109
1 189 16.61907328749096
1 194 48.869098160636185
1 200 57.500751492904136
1 203 3.3249303202480873
1 220 82.24023438849581
0 15 98.81818615608321
0 24 49.327434739774056
0 44 79.004763568823
0 49 7.196498375340532
0 58 17.463834121066256
0 59 41.55714276052724
0 68 3.189704502654944
0 80 94.59008160108769
0 97 53.236991592543035
0 114 32.10100050736915
0 149 94.25630330648133
0 160 38.26793867264981
0 163 89.87835122563698
0 176 80.83148183142048
0 191 57.52772492448379
0 202 40.68834837091144
0 204 29.65233535034495
0 209 93.64205299485356
0 211 72.98226356752674
0 222 74.8870325577578
0 225 1.7862581788278709